GRT_LABELLED_TIME_SERIES_CLASSIFICATION_DATA_FILE_V1.0
DatasetName: GloveData
InfoText: This data contains gesture data
NumDimensions: 6
TotalNumTrainingExamples: 10
NumberOfClasses: 1
ClassIDsAndCounters: 
1 10
UseExternalRanges: 0
LabelledTimeSeriesTrainingData:
************TIME_SERIES************
ClassID: 1
TimeSeriesLength: 24
TimeSeriesData: 
-0.0664	-0.0664	1.0174	0.5566	-1.0267	0.0696
-0.0508	-0.0586	0.9901	-0.6956	0.5037	0.2783
-0.0586	-0.0625	0.9940	-1.0434	-0.1920	-0.5565
-0.0547	-0.0664	1.0057	0.9044	-1.0267	-0.3478
-0.0586	-0.0586	1.0057	0.1392	-0.1224	-0.2783
-0.0664	-0.0586	1.0135	4.0349	2.0341	0.0000
-0.1172	-0.0625	1.0838	120.7653	19.7037	-1.8087
-0.0625	0.9414	0.2323	181.4957	36.0515	25.8087
-0.1094	1.0703	0.1580	2.5044	-5.7572	1.5304
-0.0859	1.0000	0.1580	-5.7738	-4.9224	-2.7130
-0.0820	0.9922	0.1854	-2.4347	-0.3311	0.7652
-0.0820	0.9961	0.1815	-0.8347	-0.0528	-1.3913
-0.0859	0.9961	0.1815	-0.3477	-0.0528	-0.8348
-0.0781	0.9961	0.1893	0.4175	0.2254	-0.4174
-0.0898	0.9922	0.1737	-0.6956	-0.1224	-0.6957
-0.0781	0.9922	0.1776	0.5566	-0.5398	-0.0696
-0.0781	1.0000	0.1815	-0.6956	-0.3311	-0.4870
-0.0859	0.9883	0.1854	-0.3477	0.0167	0.2783
-0.0859	0.9961	0.1854	-0.2782	-1.5137	1.1826
-0.0742	0.9922	0.1854	0.4175	0.5037	0.4870
-0.0820	1.0000	0.1776	1.2523	-0.7485	0.5565
-0.0703	0.9922	0.1815	0.0001	0.4341	-0.0696
-0.0742	0.9961	0.1971	-0.4869	-0.1920	0.2783
-0.0703	0.9961	0.1854	-0.0695	1.4080	0.0000
************TIME_SERIES************
ClassID: 1
TimeSeriesLength: 24
TimeSeriesData: 
-0.2070	0.0117	0.9784	1.3914	-0.3311	0.0000
-0.2148	0.0117	0.9901	0.1392	1.1993	0.2783
-0.2188	0.0039	0.9823	-0.4869	-0.7485	-0.1391
-0.2305	0.0078	0.9823	8.4175	3.5646	2.1565
-0.2695	0.2578	0.9120	110.2610	49.1993	12.9391
-0.2344	1.0664	0.3104	168.5566	-18.5572	56.6261
-0.1211	1.0195	0.1580	3.6175	4.2602	-0.7652
-0.1328	0.9844	0.1620	-3.9651	-2.6963	0.2087
-0.1289	0.9883	0.1815	-2.7130	0.6428	-0.9043
-0.1328	0.9805	0.1776	-0.1390	1.7559	0.2783
-0.1445	0.9883	0.1815	-0.8347	-1.3746	2.6435
-0.1328	0.9883	0.1854	0.3479	0.5037	1.1826
-0.1211	0.9922	0.1932	0.0697	-0.6093	1.1130
-0.1289	0.9844	0.2049	0.2088	-0.9572	0.2783
-0.1328	0.9883	0.2010	0.0697	-0.1224	0.5565
-0.1289	0.9844	0.1971	0.2088	-0.9572	0.2087
-0.1289	0.9805	0.2010	0.8349	0.3646	-0.3478
-0.1250	0.9922	0.1971	-0.3477	-0.4007	-1.0435
-0.1289	0.9922	0.1971	0.1392	-7.6354	5.3565
-0.1172	0.9883	0.2205	-1.5999	-3.2528	1.3217
-0.1016	0.9844	0.2166	-0.4869	-0.6789	0.0696
-0.1094	0.9844	0.2166	0.9044	-0.6093	-0.5565
-0.1094	0.9844	0.2245	0.3479	-0.5398	0.2783
-0.1055	0.9844	0.2127	0.0001	0.0167	0.0000
************TIME_SERIES************
ClassID: 1
TimeSeriesLength: 24
TimeSeriesData: 
-0.1758	0.1328	0.9784	-0.9738	-0.6093	-0.7652
-0.1797	0.1406	0.9705	-1.6695	3.2167	0.2783
-0.1836	0.1328	0.9784	-0.1390	0.7820	-0.3478
-0.2383	0.1602	1.0213	32.9740	-14.7311	-5.8435
-0.2188	0.6289	0.6463	291.4783	9.1298	41.7391
-0.1484	0.9414	0.1659	12.2436	5.3733	2.0174
-0.1523	0.9883	0.1854	0.0697	2.1733	-0.9043
-0.1602	0.9844	0.1971	-2.8521	0.6428	-1.9478
-0.1641	0.9805	0.2049	0.2088	-0.1224	1.4609
-0.1523	0.9766	0.2127	-0.5564	0.5037	1.1826
-0.1523	0.9805	0.2205	0.8349	0.0167	2.0870
-0.1563	0.9766	0.2127	0.2088	-1.0267	0.6957
-0.1406	0.9844	0.2205	-0.8347	1.4080	0.0696
-0.1406	0.9844	0.2166	-0.6956	0.4341	-0.6261
-0.1406	0.9727	0.2245	0.6957	0.5037	-0.9043
-0.1484	0.9766	0.2284	1.1827	0.0167	0.2783
-0.1602	0.9805	0.2205	0.6957	-1.3746	0.2783
-0.1523	0.9688	0.2205	-0.6956	0.7820	-1.0435
-0.1445	0.9844	0.2284	0.5566	1.2689	-0.4174
-0.1406	0.9883	0.2205	0.2088	0.5733	-1.0435
-0.1445	0.9844	0.2245	0.0697	0.1559	-0.5565
-0.1563	0.9805	0.2284	0.0001	-0.1224	0.4174
-0.1484	0.9766	0.2284	-0.6956	0.4341	0.1391
-0.1406	0.9727	0.2245	1.4610	-0.0528	0.5565
************TIME_SERIES************
ClassID: 1
TimeSeriesLength: 24
TimeSeriesData: 
-0.1406	-0.0586	0.9940	0.0697	0.2254	0.9739
-0.1445	-0.0547	1.0018	-0.5564	0.2254	1.7391
-0.1445	-0.0469	1.0018	0.9740	-2.0007	-0.8348
-0.1367	-0.0391	0.9940	3.2697	-0.8876	-0.6261
-0.1445	-0.0273	0.9823	-0.9043	-0.6093	0.7652
-0.1328	-0.0430	0.9979	0.8349	0.2254	0.8348
-0.1445	-0.0469	1.0018	0.9044	0.0863	0.9043
-0.1445	-0.0234	1.0096	16.9044	7.1124	-2.4348
-0.2656	0.4414	0.7479	274.0870	51.7037	30.6087
-0.1406	0.9453	0.2362	37.9827	-2.0702	17.0435
-0.1484	0.9883	0.2245	-2.2260	-0.0528	-1.1130
-0.1523	0.9844	0.2284	-3.4086	0.1559	-1.4609
-0.1563	0.9766	0.2166	-0.3477	-0.5398	0.8348
-0.1406	0.9766	0.2205	-0.1390	2.2428	0.3478
-0.1367	0.9727	0.2323	-0.7651	0.8515	0.6261
-0.1406	0.9766	0.2284	0.9740	1.6167	-0.3478
-0.1445	0.9805	0.2323	0.4175	0.5037	-0.0696
-0.1367	0.9883	0.2323	1.3218	-0.5398	1.2522
-0.1289	0.9805	0.2284	-0.0695	-1.6528	0.9043
-0.1328	0.9844	0.2323	0.6957	0.7820	0.3478
-0.1367	0.9727	0.2245	-0.7651	0.5733	-0.0696
-0.1367	0.9844	0.2323	0.3479	-1.0963	-0.2087
-0.1250	0.9766	0.2245	-0.0695	0.1559	0.9043
-0.1289	0.9844	0.2323	0.6957	-0.0528	-0.4870
************TIME_SERIES************
ClassID: 1
TimeSeriesLength: 24
TimeSeriesData: 
-0.1602	-0.0039	0.9862	1.6697	-0.2615	-0.2087
-0.1680	-0.0039	0.9979	0.0001	1.7559	0.9739
-0.1758	0.0000	0.9940	0.9740	0.9907	0.0000
-0.1953	-0.0117	1.0135	12.8001	6.4863	-2.5043
-0.3008	0.3711	0.8182	217.3914	32.1559	22.2609
-0.1289	1.0078	0.1776	44.8001	7.8080	14.3304
-0.1484	0.9766	0.1502	-8.8347	-0.5398	-0.9043
-0.1641	0.9766	0.1698	-1.4608	0.8515	-0.7652
-0.1758	0.9844	0.1737	1.1827	-0.4702	1.8087
-0.1680	0.9883	0.1698	0.0697	-0.1920	0.7652
-0.1719	0.9922	0.1776	1.0436	0.6428	2.7826
-0.1641	0.9922	0.1698	0.6262	-0.5398	1.0435
-0.1719	0.9883	0.1620	-0.2782	-0.4702	-0.0696
-0.1680	0.9844	0.1698	0.1392	-0.6093	0.3478
-0.1602	0.9922	0.1620	0.7653	-0.4702	-0.0696
-0.1602	0.9922	0.1659	0.2783	-0.8876	0.1391
-0.1563	0.9922	0.1620	1.2523	-1.4441	0.1391
-0.1602	0.9922	0.1620	-0.9043	-0.4702	0.2087
-0.1484	0.9883	0.1541	0.0001	-0.6789	0.3478
-0.1563	0.9922	0.1620	0.2088	-0.7485	-0.5565
-0.1602	0.9883	0.1620	-0.6956	-0.6093	0.3478
-0.1563	0.9883	0.1659	0.2783	-0.0528	0.0000
-0.1523	0.9922	0.1659	0.6262	-0.4702	0.5565
-0.1484	0.9883	0.1659	0.4870	0.2254	0.4174
************TIME_SERIES************
ClassID: 1
TimeSeriesLength: 24
TimeSeriesData: 
-0.1719	0.0195	1.0096	-0.4173	0.0863	1.3217
-0.1719	0.0234	0.9901	0.7653	-0.0528	0.4174
-0.1797	0.0469	1.0096	16.2783	3.3559	1.3217
-0.2344	0.2773	0.8729	209.1827	74.5907	35.5478
-0.1953	0.9805	0.1815	44.5218	6.2080	16.4174
-0.1914	0.9961	0.2362	-2.6434	-1.5833	0.1391
-0.2109	0.9609	0.2362	2.8523	-0.9572	1.8087
-0.1797	0.9844	0.2362	0.6957	-0.4007	0.2783
-0.1797	0.9688	0.2323	-0.2086	1.9646	-0.4870
-0.1875	0.9727	0.2362	0.4870	1.0602	-0.2087
-0.1797	0.9688	0.2440	0.2088	0.9211	-0.2783
-0.1914	0.9727	0.2401	1.5305	-1.5833	1.4609
-0.1758	0.9727	0.2362	-0.6956	-1.1659	0.8348
-0.1797	0.9727	0.2362	-0.6260	0.7820	-0.2087
-0.1797	0.9688	0.2362	0.2088	-0.8180	0.7652
-0.1719	0.9648	0.2440	-0.8347	0.2254	0.3478
-0.1680	0.9766	0.2401	0.7653	0.0863	-0.2783
-0.1719	0.9648	0.2362	0.7653	-1.0963	-0.2783
-0.1836	0.9688	0.2362	-0.4869	-0.1920	-0.6261
-0.1680	0.9766	0.2440	0.3479	0.9211	-0.4870
-0.1758	0.9688	0.2362	1.0436	-0.4007	0.0000
-0.1758	0.9805	0.2401	1.1131	0.0167	-0.5565
-0.1680	0.9727	0.2284	-0.4173	0.2254	-0.7652
-0.1797	0.9727	0.2479	-0.6260	-0.6789	0.8348
************TIME_SERIES************
ClassID: 1
TimeSeriesLength: 24
TimeSeriesData: 
-0.1563	0.0117	0.9940	2.5740	0.5037	0.9739
-0.1680	0.0352	0.9979	7.7218	2.7298	2.0870
-0.2383	0.1016	0.9510	184.3479	59.6341	0.4174
-0.2891	1.0078	0.2752	121.1131	6.7646	39.3043
-0.1836	1.0352	0.1932	-11.1999	-5.6180	-0.2783
-0.1758	0.9688	0.2166	0.1392	-0.6093	0.0000
-0.1680	0.9883	0.2088	-0.8347	-0.9572	0.3478
-0.1680	0.9844	0.2127	1.1827	-0.0528	-0.2783
-0.1758	0.9844	0.2010	-0.7651	0.8515	-1.1826
-0.1641	0.9766	0.2049	-0.8347	0.0863	0.0696
-0.1680	0.9805	0.2127	1.3914	0.3646	0.6957
-0.1680	0.9805	0.2166	1.7392	-0.8876	0.4870
-0.1719	0.9883	0.2088	0.2783	0.8515	-0.0696
-0.1563	0.9805	0.2127	-0.5564	1.1993	-0.2087
-0.1758	0.9766	0.2166	0.4870	-0.5398	1.2522
-0.1719	0.9805	0.2127	-0.4869	0.0863	-0.2783
-0.1719	0.9727	0.2127	-1.0434	-0.1224	0.0696
-0.1602	0.9844	0.2049	0.2088	0.0863	0.2087
-0.1523	0.9805	0.2166	0.1392	0.4341	-0.8348
-0.1719	0.9727	0.2205	0.8349	-0.1224	0.2783
-0.1563	0.9805	0.2205	0.1392	0.1559	0.1391
-0.1563	0.9766	0.2166	-0.2086	0.5037	-0.7652
-0.1680	0.9883	0.2166	-0.4173	0.7124	0.3478
-0.1602	0.9805	0.2245	0.1392	0.0863	0.6957
************TIME_SERIES************
ClassID: 1
TimeSeriesLength: 24
TimeSeriesData: 
-0.1484	0.0430	0.9940	-0.4869	-0.8180	-0.5565
-0.1602	0.0352	0.9940	1.3218	1.1993	-0.3478
-0.2070	0.1328	0.9627	182.2610	46.2776	5.1478
-0.2148	0.9766	0.2440	91.6175	-7.4963	23.7217
-0.1797	1.0039	0.2323	-12.5912	-2.4180	-2.7130
-0.1953	0.9688	0.2674	-1.3217	0.0167	0.0000
-0.1797	0.9492	0.2713	-1.0434	1.1298	-1.1130
-0.1758	0.9609	0.2674	-1.1825	-0.2615	0.2087
-0.1875	0.9609	0.2674	1.9479	-3.2528	2.5043
-0.1758	0.9688	0.2791	0.5566	-0.8180	0.2783
-0.1797	0.9531	0.2830	0.1392	0.6428	0.0000
-0.1875	0.9531	0.2674	-0.2086	-0.6093	-1.0435
-0.1836	0.9570	0.2791	-0.1390	1.2689	-0.2783
-0.1836	0.9570	0.2791	0.2783	0.2950	-0.1391
-0.1797	0.9648	0.2830	0.5566	1.1298	0.0696
-0.1758	0.9570	0.2674	0.2088	-0.1224	-0.4174
-0.1875	0.9609	0.2752	-0.6956	-0.1224	-1.0435
-0.1836	0.9570	0.2791	-0.2782	-0.8180	0.9043
-0.1836	0.9609	0.2830	0.9740	-0.1224	0.0696
-0.1797	0.9609	0.2909	-0.0695	0.0167	-0.0696
-0.1797	0.9609	0.2870	0.0001	-0.2615	0.0000
-0.1836	0.9570	0.2830	0.0001	-0.9572	0.6957
-0.1797	0.9492	0.2830	-0.1390	0.3646	0.8348
-0.1641	0.9609	0.2948	0.0697	0.7820	0.4870
************TIME_SERIES************
ClassID: 1
TimeSeriesLength: 24
TimeSeriesData: 
-0.1563	-0.0078	0.9823	0.2088	-0.1920	0.1391
-0.1563	-0.0156	0.9940	-0.7651	-0.6093	-1.1826
-0.1641	-0.0078	0.9979	2.8523	-0.4702	-1.0435
-0.1836	-0.1211	1.1268	113.3218	27.0080	-12.7304
-0.2461	0.9883	0.1073	223.3044	-6.1746	72.4174
-0.1914	1.0078	0.2088	-10.6434	-1.8615	-2.2957
-0.1914	0.9570	0.2088	-4.0347	0.6428	-1.6000
-0.2031	0.9844	0.2323	0.6262	-2.9746	-1.8783
-0.1914	0.9648	0.2166	1.0436	0.2254	0.0696
-0.2070	0.9727	0.2245	1.3218	0.5037	0.2783
-0.1992	0.9688	0.2127	0.5566	-0.2615	0.0000
-0.1875	0.9727	0.2127	-0.0695	0.4341	-0.1391
-0.1914	0.9688	0.2205	1.0436	0.1559	0.9739
-0.1914	0.9648	0.2284	0.4870	-0.1920	0.5565
-0.1914	0.9844	0.2245	-0.9043	0.9907	-0.8348
-0.1914	0.9727	0.2127	-0.0695	1.1993	-0.4174
-0.2031	0.9727	0.2166	-0.3477	-1.0963	-0.8348
-0.2031	0.9688	0.2166	0.4870	-0.1920	-0.4174
-0.1992	0.9766	0.2245	1.0436	-0.6093	0.2783
-0.2031	0.9766	0.2245	0.6957	-0.6093	0.3478
-0.1914	0.9648	0.2127	-0.1390	-0.1224	0.2783
-0.2031	0.9648	0.2205	-0.7651	-0.8876	0.3478
-0.1953	0.9648	0.2088	-0.2086	0.3646	-0.0696
-0.1875	0.9648	0.2088	0.2088	0.0863	0.4870
************TIME_SERIES************
ClassID: 1
TimeSeriesLength: 24
TimeSeriesData: 
-0.1758	0.0820	0.9862	-0.2086	-0.1224	0.9739
-0.1797	0.0703	0.9940	5.7740	1.4776	-0.0696
-0.2969	0.4375	0.7635	239.6523	59.4254	15.7913
-0.1836	0.9648	0.1971	15.2349	3.4950	12.6609
-0.2070	0.9766	0.2362	-2.1564	-2.2789	-0.6261
-0.2109	0.9648	0.2518	-1.5999	-1.5137	-0.2783
-0.2305	0.9609	0.2440	-0.4869	-0.8180	0.7652
-0.2266	0.9766	0.2401	0.6957	-1.3050	2.0870
-0.1992	0.9570	0.2284	0.1392	0.2950	0.8348
-0.1836	0.9688	0.2362	0.6957	-0.6093	-0.3478
-0.1992	0.9727	0.2401	-0.3477	-0.9572	1.6000
-0.1992	0.9570	0.2479	0.2088	0.6428	0.5565
-0.1992	0.9648	0.2440	1.0436	1.1993	1.3217
-0.2109	0.9609	0.2401	0.4175	-1.5833	0.0000
-0.1953	0.9688	0.2401	-0.1390	1.1298	-0.3478
-0.2031	0.9688	0.2362	0.5566	-0.9572	-0.1391
-0.1914	0.9609	0.2518	0.2088	-1.3050	0.3478
-0.1953	0.9688	0.2440	0.4870	0.3646	-0.6261
-0.2031	0.9688	0.2479	-0.8347	0.6428	-0.1391
-0.2031	0.9609	0.2479	0.1392	-0.0528	0.3478
-0.1875	0.9648	0.2479	0.9740	0.1559	-0.6261
-0.1914	0.9688	0.2401	-0.1390	0.5733	-0.5565
-0.2031	0.9648	0.2479	0.0001	-0.1920	-0.0696
-0.1953	0.9688	0.2557	-0.0695	0.6428	0.6957